{
    "matrices": [
        {
            "m00": -0.4406678378582001,
            "m10": 0.40333831310272219,
            "m20": 0.8019538521766663,
            "m30": 0.0,
            "m01": 0.403338223695755,
            "m11": 0.8870789408683777,
            "m21": -0.22451996803283692,
            "m31": 0.0,
            "m02": -0.8019537329673767,
            "m12": 0.22451992332935334,
            "m22": -0.5535889863967896,
            "m32": 0.0,
            "m03": -7.204360008239746,
            "m13": 6.798381328582764,
            "m23": 28.597129821777345,
            "m33": 1.0
        },
        {
            "m00": 0.6717162728309631,
            "m10": -0.5257326364517212,
            "m20": 0.5219220519065857,
            "m30": 0.0,
            "m01": -0.5257326364517212,
            "m11": 0.15806131064891816,
            "m21": 0.8358359932899475,
            "m31": 0.0,
            "m02": -0.5219218730926514,
            "m12": -0.8358359336853027,
            "m22": -0.1702224463224411,
            "m32": 0.0,
            "m03": -18.588132858276368,
            "m13": -47.62903594970703,
            "m23": -43.56298065185547,
            "m33": 1.0
        },
        {
            "m00": 0.4717472195625305,
            "m10": 0.5259029865264893,
            "m20": -0.707729160785675,
            "m30": 0.0,
            "m01": 0.525903046131134,
            "m11": 0.4764362871646881,
            "m21": 0.7045810222625732,
            "m31": 0.0,
            "m02": 0.7077290415763855,
            "m12": -0.7045809626579285,
            "m22": -0.05181646719574928,
            "m32": 0.0,
            "m03": -3.8725786209106447,
            "m13": 7.400995254516602,
            "m23": -39.023780822753909,
            "m33": 1.0
        },
        {
            "m00": 0.8645746111869812,
            "m10": -0.36104831099510195,
            "m20": -0.34950682520866396,
            "m30": 0.0,
            "m01": -0.36104828119277956,
            "m11": 0.03743446618318558,
            "m21": -0.9317956566810608,
            "m31": 0.0,
            "m02": 0.34950676560401919,
            "m12": 0.9317954778671265,
            "m22": -0.0979909673333168,
            "m32": 0.0,
            "m03": 32.01545333862305,
            "m13": -1.686185598373413,
            "m23": -24.43090057373047,
            "m33": 1.0
        },
        {
            "m00": 0.9089633226394653,
            "m10": 0.36904171109199526,
            "m20": 0.193891704082489,
            "m30": 0.0,
            "m01": 0.3690417408943176,
            "m11": -0.49600905179977419,
            "m21": -0.785991907119751,
            "m31": 0.0,
            "m02": -0.1938917189836502,
            "m12": 0.7859917879104614,
            "m22": -0.5870458483695984,
            "m32": 0.0,
            "m03": 16.103588104248048,
            "m13": -30.622482299804689,
            "m23": 44.8124885559082,
            "m33": 1.0
        },
        {
            "m00": 0.5902936458587647,
            "m10": 0.08422224968671799,
            "m20": 0.8027826547622681,
            "m30": 0.0,
            "m01": 0.08422217518091202,
            "m11": 0.9826866984367371,
            "m21": -0.16502580046653748,
            "m31": 0.0,
            "m02": -0.8027825951576233,
            "m12": 0.16502584517002107,
            "m22": 0.5729802846908569,
            "m32": 0.0,
            "m03": 28.179264068603517,
            "m13": -40.945072174072269,
            "m23": 34.412227630615237,
            "m33": 1.0
        },
        {
            "m00": 0.991054892539978,
            "m10": 0.04503331333398819,
            "m20": 0.12562745809555055,
            "m30": 0.0,
            "m01": 0.045033346861600879,
            "m11": 0.7732847929000855,
            "m21": -0.6324576139450073,
            "m31": 0.0,
            "m02": -0.12562747299671174,
            "m12": 0.6324575543403626,
            "m22": 0.7643395066261292,
            "m32": 0.0,
            "m03": 19.603107452392579,
            "m13": -6.5186309814453129,
            "m23": 30.03217124938965,
            "m33": 1.0
        },
        {
            "m00": 0.4704717695713043,
            "m10": -0.3005642592906952,
            "m20": -0.829649031162262,
            "m30": 0.0,
            "m01": -0.3005641996860504,
            "m11": 0.8293974995613098,
            "m21": -0.47091513872146609,
            "m31": 0.0,
            "m02": 0.8296489715576172,
            "m12": 0.4709150493144989,
            "m22": 0.299869179725647,
            "m32": 0.0,
            "m03": -38.62998580932617,
            "m13": 6.132823944091797,
            "m23": 40.947486877441409,
            "m33": 1.0
        },
        {
            "m00": 0.04453144967556,
            "m10": 0.4008701741695404,
            "m20": 0.9150519967079163,
            "m30": 0.0,
            "m01": 0.40087008476257326,
            "m11": 0.831813633441925,
            "m21": -0.38391315937042239,
            "m31": 0.0,
            "m02": -0.9150519371032715,
            "m12": 0.3839130997657776,
            "m22": -0.12365508079528809,
            "m32": 0.0,
            "m03": 46.16946029663086,
            "m13": -36.533226013183597,
            "m23": -29.26272201538086,
            "m33": 1.0
        },
        {
            "m00": 0.3081415891647339,
            "m10": -0.20877991616725923,
            "m20": 0.928148627281189,
            "m30": 0.0,
            "m01": -0.20877999067306519,
            "m11": 0.93699711561203,
            "m21": 0.2800845205783844,
            "m31": 0.0,
            "m02": -0.9281484484672546,
            "m12": -0.2800844609737396,
            "m22": 0.24513866007328034,
            "m32": 0.0,
            "m03": 48.69202423095703,
            "m13": -22.0179500579834,
            "m23": 36.46617126464844,
            "m33": 1.0
        },
        {
            "m00": 0.9171215891838074,
            "m10": 0.3936645984649658,
            "m20": 0.0625803992152214,
            "m30": 0.0,
            "m01": 0.3936646282672882,
            "m11": -0.8698679208755493,
            "m21": -0.29725077748298647,
            "m31": 0.0,
            "m02": -0.06258043646812439,
            "m12": 0.2972507178783417,
            "m22": -0.9527462720870972,
            "m32": 0.0,
            "m03": -20.14224624633789,
            "m13": -45.664154052734378,
            "m23": -1.2538973093032838,
            "m33": 1.0
        },
        {
            "m00": 0.8656056523323059,
            "m10": 0.08065331727266312,
            "m20": -0.49418824911117556,
            "m30": 0.0,
            "m01": 0.0806533694267273,
            "m11": 0.951598048210144,
            "m21": 0.296574205160141,
            "m31": 0.0,
            "m02": 0.4941881597042084,
            "m12": -0.2965741753578186,
            "m22": 0.8172035813331604,
            "m32": 0.0,
            "m03": 2.9947595596313478,
            "m13": -34.895545959472659,
            "m23": -46.76890563964844,
            "m33": 1.0
        },
        {
            "m00": 0.7871791124343872,
            "m10": -0.562969982624054,
            "m20": -0.2518213093280792,
            "m30": 0.0,
            "m01": -0.5629699230194092,
            "m11": -0.4892105758190155,
            "m21": -0.6661368012428284,
            "m31": 0.0,
            "m02": 0.25182124972343447,
            "m12": 0.666136622428894,
            "m22": -0.7020314335823059,
            "m32": 0.0,
            "m03": -27.24001121520996,
            "m13": -33.403621673583987,
            "m23": 19.91476821899414,
            "m33": 1.0
        },
        {
            "m00": 0.7191977500915527,
            "m10": -0.06606512516736984,
            "m20": 0.691657543182373,
            "m30": 0.0,
            "m01": -0.06606516242027283,
            "m11": 0.9844566583633423,
            "m21": 0.16272826492786408,
            "m31": 0.0,
            "m02": -0.6916574239730835,
            "m12": -0.1627282202243805,
            "m22": 0.7036543488502502,
            "m32": 0.0,
            "m03": 27.85468101501465,
            "m13": 14.686833381652832,
            "m23": -15.991727828979493,
            "m33": 1.0
        },
        {
            "m00": -0.16718710958957673,
            "m10": -0.6339768767356873,
            "m20": -0.7550643086433411,
            "m30": 0.0,
            "m01": -0.6339768767356873,
            "m11": 0.6556450128555298,
            "m21": -0.41012564301490786,
            "m31": 0.0,
            "m02": 0.7550643086433411,
            "m12": 0.4101255238056183,
            "m22": -0.5115419626235962,
            "m32": 0.0,
            "m03": 38.021942138671878,
            "m13": 13.488733291625977,
            "m23": 1.1667286157608033,
            "m33": 1.0
        },
        {
            "m00": 0.48624667525291445,
            "m10": 0.39444223046302798,
            "m20": 0.779730498790741,
            "m30": 0.0,
            "m01": 0.3944421708583832,
            "m11": 0.6971608996391296,
            "m21": -0.5986502170562744,
            "m31": 0.0,
            "m02": -0.7797304391860962,
            "m12": 0.5986501574516296,
            "m22": 0.1834074705839157,
            "m32": 0.0,
            "m03": 20.11896324157715,
            "m13": 45.61712646484375,
            "m23": -34.33517074584961,
            "m33": 1.0
        }
    ]
}